XE: 92.511642
YE: 146.432770
distance: 39.989880
